-0.005 0 1 -1 0 -0.0083425
0.005 0 -1 1 0 0.0083425
-0.01 0 0.999958 -0.999958 0 -0.0166847
0.01 0 -0.999958 0.999958 0 0.0166847
-0.0149998 0 0.999875 -0.999875 0 -0.0250266
0.0149998 0 -0.999875 0.999875 0 0.0250266
-0.0199992 0 0.99975 -0.99975 0 -0.0333684
0.0199992 0 -0.99975 0.99975 0 0.0333684
-0.0249979 0 0.999583 -0.999583 0 -0.0417101
0.0249979 0 -0.999583 0.999583 0 0.0417101
-0.0299958 0 0.999374 -0.999374 0 -0.0500517
0.0299958 0 -0.999374 0.999374 0 0.0500517
-0.0349927 0 0.999124 -0.999124 0 -0.0583934
0.0349927 0 -0.999124 0.999124 0 0.0583934
-0.0399883 0 0.998832 -0.998832 0 -0.0667352
0.0399883 0 -0.998832 0.998832 0 0.0667352
-0.0449825 0 0.998498 -0.998498 0 -0.0750771
0.0449825 0 -0.998498 0.998498 0 0.0750771
-0.049975 0 0.998123 -0.998122 0 -0.0834193
0.049975 0 -0.998123 0.998122 0 0.0834193
-0.0549656 0 0.997706 -0.997704 0 -0.0917618
0.0549656 0 -0.997706 0.997704 0 0.0917618
-0.0599541 0 0.997247 -0.997245 0 -0.100105
0.0599541 0 -0.997247 0.997245 0 0.100105
-0.0649403 0 0.996747 -0.996743 0 -0.108448
0.0649403 0 -0.996747 0.996743 0 0.108448
-0.069924 0 0.996204 -0.996199 0 -0.116792
0.069924 0 -0.996204 0.996199 0 0.116792
-0.074905 0 0.99562 -0.995614 0 -0.125136
0.074905 0 -0.99562 0.995614 0 0.125136
-0.0798831 0 0.994995 -0.994986 0 -0.133482
0.0798831 0 -0.994995 0.994986 0 0.133482
-0.084858 0 0.994327 -0.994316 0 -0.141827
0.084858 0 -0.994327 0.994316 0 0.141827
-0.0898296 0 0.993618 -0.993603 0 -0.150174
0.0898296 0 -0.993618 0.993603 0 0.150174
-0.0947976 0 0.992867 -0.992849 0 -0.158521
0.0947976 0 -0.992867 0.992849 0 0.158521
-0.0997619 0 0.992075 -0.992052 0 -0.16687
0.0997619 0 -0.992075 0.992052 0 0.16687
-0.104722 0 0.99124 -0.991212 0 -0.175219
0.104722 0 -0.99124 0.991212 0 0.175219
-0.109678 0 0.990364 -0.99033 0 -0.18357
0.109678 0 -0.990364 0.99033 0 0.18357
-0.11463 0 0.989446 -0.989405 0 -0.191921
0.11463 0 -0.989446 0.989405 0 0.191921
-0.119577 0 0.988487 -0.988437 0 -0.200274
0.119577 0 -0.988487 0.988437 0 0.200274
-0.124519 0 0.987485 -0.987427 0 -0.208628
0.124519 0 -0.987485 0.987427 0 0.208628
-0.129456 0 0.986442 -0.986373 0 -0.216983
0.129456 0 -0.986442 0.986373 0 0.216983
-0.134388 0 0.985357 -0.985277 0 -0.225339
0.134388 0 -0.985357 0.985277 0 0.225339
-0.139314 0 0.984231 -0.984137 0 -0.233697
0.139314 0 -0.984231 0.984137 0 0.233697
-0.144235 0 0.983062 -0.982953 0 -0.242057
0.144235 0 -0.983062 0.982953 0 0.242057
-0.14915 0 0.981852 -0.981727 0 -0.250418
0.14915 0 -0.981852 0.981727 0 0.250418
-0.154059 0 0.9806 -0.980456 0 -0.258781
0.154059 0 -0.9806 0.980456 0 0.258781
-0.158961 0 0.979306 -0.979142 0 -0.267145
0.158961 0 -0.979306 0.979142 0 0.267145
-0.163857 0 0.97797 -0.977784 0 -0.275511
0.163857 0 -0.97797 0.977784 0 0.275511
-0.168745 0 0.976593 -0.976382 0 -0.283879
0.168745 0 -0.976593 0.976382 0 0.283879
-0.173627 0 0.975173 -0.974936 0 -0.292248
0.173627 0 -0.975173 0.974936 0 0.292248
-0.178502 0 0.973712 -0.973446 0 -0.30062
0.178502 0 -0.973712 0.973446 0 0.30062
-0.183369 0 0.972209 -0.971911 0 -0.308993
0.183369 0 -0.972209 0.971911 0 0.308993
-0.188229 0 0.970664 -0.970331 0 -0.317369
0.188229 0 -0.970664 0.970331 0 0.317369
-0.19308 0 0.969077 -0.968706 0 -0.325746
0.19308 0 -0.969077 0.968706 0 0.325746
-0.197924 0 0.967448 -0.967037 0 -0.334125
0.197924 0 -0.967448 0.967037 0 0.334125
-0.202759 0 0.965778 -0.965322 0 -0.342507
0.202759 0 -0.965778 0.965322 0 0.342507
-0.207586 0 0.964065 -0.963562 0 -0.350891
0.207586 0 -0.964065 0.963562 0 0.350891
-0.212404 0 0.962311 -0.961756 0 -0.359277
0.212404 0 -0.962311 0.961756 0 0.359277
-0.217212 0 0.960514 -0.959905 0 -0.367665
0.217212 0 -0.960514 0.959905 0 0.367665
-0.222012 0 0.958676 -0.958007 0 -0.376056
0.222012 0 -0.958676 0.958007 0 0.376056
-0.226802 0 0.956796 -0.956063 0 -0.384449
0.226802 0 -0.956796 0.956063 0 0.384449
-0.231582 0 0.954874 -0.954073 0 -0.392845
0.231582 0 -0.954874 0.954073 0 0.392845
-0.236353 0 0.952909 -0.952037 0 -0.401243
0.236353 0 -0.952909 0.952037 0 0.401243
-0.241113 0 0.950903 -0.949953 0 -0.409643
0.241113 0 -0.950903 0.949953 0 0.409643
-0.245863 0 0.948855 -0.947822 0 -0.418046
0.245863 0 -0.948855 0.947822 0 0.418046
